{
  "ShallowMLP": {
    "model": "ShallowMLP",
    "accuracy": 0.82475,
    "accuracy_ci95": [
      0.8188125,
      0.83
    ],
    "macro_f1": 0.8233414213911555,
    "macro_f1_ci95": [
      0.8173188474124851,
      0.8284719872761303
    ],
    "confusion_matrix_raw": [
      [
        3096,
        316,
        0,
        0,
        0
      ],
      [
        474,
        2483,
        121,
        0,
        0
      ],
      [
        63,
        493,
        2828,
        196,
        0
      ],
      [
        3,
        33,
        379,
        2190,
        504
      ],
      [
        0,
        0,
        15,
        207,
        2599
      ]
    ],
    "confusion_matrix_normalized_rows": [
      [
        0.9073856975381008,
        0.09261430246189918,
        0.0,
        0.0,
        0.0
      ],
      [
        0.1539961013645224,
        0.8066926575698505,
        0.03931124106562703,
        0.0,
        0.0
      ],
      [
        0.01759776536312849,
        0.13770949720670392,
        0.7899441340782123,
        0.054748603351955305,
        0.0
      ],
      [
        0.0009649404953361209,
        0.01061434544869733,
        0.12190414924412994,
        0.7044065615953683,
        0.16211000321646832
      ],
      [
        0.0,
        0.0,
        0.005317263381779511,
        0.07337823466855725,
        0.9213045019496633
      ]
    ],
    "classification_report": "              precision    recall  f1-score   support\n\n           0     0.8515    0.9074    0.8785      3412\n           1     0.7468    0.8067    0.7756      3078\n           2     0.8459    0.7899    0.8170      3580\n           3     0.8446    0.7044    0.7682      3109\n           4     0.8376    0.9213    0.8774      2821\n\n    accuracy                         0.8247     16000\n   macro avg     0.8253    0.8259    0.8233     16000\nweighted avg     0.8263    0.8247    0.8233     16000\n",
    "figure_pdf": "/Users/ermiaswolde/Downloads/ML_Project/report/figures/confusion_norm_ShallowMLP.pdf",
    "train_info": {
      "history": {
        "train_loss": [
          1.0176671168445486,
          0.5286129291078686,
          0.4837820303123609,
          0.46429258980582244,
          0.4530839593009611,
          0.4440849033077206,
          0.43746846360442915,
          0.4334881284595591,
          0.43112760597625666,
          0.42866872396089334,
          0.4262923113012736,
          0.4243835561570868,
          0.4220929794606909,
          0.42142807962620155,
          0.41864856681992524,
          0.4186471218028955,
          0.4174698190351503,
          0.41573492747492496,
          0.41366304734111886,
          0.41255132840797964,
          0.41196874891762186,
          0.41104401265625407,
          0.41111115306879564,
          0.40906013719803463,
          0.4084445032398258
        ],
        "val_loss": [
          0.5309617519378662,
          0.460373397056873,
          0.4410352317186502,
          0.42914711282803464,
          0.4246271183857551,
          0.41970179172662586,
          0.42078919823353106,
          0.4132940608721513,
          0.41306835412979126,
          0.41318053694871754,
          0.41224236900989825,
          0.4098213796432202,
          0.4091386657494765,
          0.4102096442992871,
          0.4099235167870155,
          0.41025638580322266,
          0.40679383965638966,
          0.405800461769104,
          0.40479676998578584,
          0.40888150609456575,
          0.4074642612383916,
          0.40299856662750244,
          0.4058615336051354,
          0.4044255774754744,
          0.4045710861682892
        ]
      },
      "best_val_loss": 0.40299856662750244
    }
  },
  "DeepBatchNormMLP": {
    "model": "DeepBatchNormMLP",
    "accuracy": 0.8240625,
    "accuracy_ci95": [
      0.8180625,
      0.8296875
    ],
    "macro_f1": 0.821464258708469,
    "macro_f1_ci95": [
      0.8155833205338515,
      0.8270983347198243
    ],
    "confusion_matrix_raw": [
      [
        3148,
        264,
        0,
        0,
        0
      ],
      [
        498,
        2401,
        179,
        0,
        0
      ],
      [
        65,
        446,
        2943,
        126,
        0
      ],
      [
        4,
        29,
        467,
        2095,
        514
      ],
      [
        0,
        0,
        13,
        210,
        2598
      ]
    ],
    "confusion_matrix_normalized_rows": [
      [
        0.9226260257913247,
        0.07737397420867527,
        0.0,
        0.0,
        0.0
      ],
      [
        0.1617933723196881,
        0.7800519818063678,
        0.058154645873944116,
        0.0,
        0.0
      ],
      [
        0.018156424581005588,
        0.12458100558659217,
        0.8220670391061452,
        0.03519553072625698,
        0.0
      ],
      [
        0.001286587327114828,
        0.009327758121582503,
        0.15020907044065615,
        0.6738501125763912,
        0.1653264715342554
      ],
      [
        0.0,
        0.0,
        0.004608294930875576,
        0.07444168734491315,
        0.9209500177242113
      ]
    ],
    "classification_report": "              precision    recall  f1-score   support\n\n           0     0.8474    0.9226    0.8834      3412\n           1     0.7646    0.7801    0.7723      3078\n           2     0.8170    0.8221    0.8195      3580\n           3     0.8618    0.6739    0.7563      3109\n           4     0.8348    0.9210    0.8758      2821\n\n    accuracy                         0.8241     16000\n   macro avg     0.8251    0.8239    0.8215     16000\nweighted avg     0.8253    0.8241    0.8217     16000\n",
    "figure_pdf": "/Users/ermiaswolde/Downloads/ML_Project/report/figures/confusion_norm_DeepBatchNormMLP.pdf",
    "train_info": {
      "history": {
        "train_loss": [
          0.938446565539436,
          0.5465448780924873,
          0.4983430839745344,
          0.47549926891791083,
          0.4663943091852475,
          0.45947265809616156,
          0.45138194049354147,
          0.44707840654702313,
          0.44313532140402667,
          0.43974630073108506,
          0.4380074130222861,
          0.433718370125357,
          0.4317291099413306,
          0.4291562635814194,
          0.4285232994408734,
          0.4250384803894347,
          0.42423724205093044,
          0.4215534192270937,
          0.4223647737397557,
          0.4191973496854833,
          0.41771216835595865,
          0.4182747520704185,
          0.41651752986739166,
          0.41677745860234827,
          0.4150945644463058
        ],
        "val_loss": [
          0.5276843790824597,
          0.45102240030582136,
          0.43136569399100083,
          0.42363972618029666,
          0.4194819720891806,
          0.41660794157248277,
          0.41307907608839184,
          0.4179011927201198,
          0.41365623474121094,
          0.4087395209532518,
          0.4094854249404027,
          0.40783222822042614,
          0.40630651437319243,
          0.4062977433204651,
          0.4058600985086881,
          0.4055107854879819,
          0.40263316952265227,
          0.4037121396798354,
          0.4048631237103389,
          0.40389180412659276,
          0.4000789454350105,
          0.40128947909061724,
          0.40286168226828944,
          0.4042513897785774,
          0.3995325496563545
        ]
      },
      "best_val_loss": 0.3995325496563545
    }
  }
}